{
    "lights": [
        {
            "pos": [
                0,
                200,
                0
            ],
            "color": [
                1,
                1,
                1
            ]
        },
        {
            "pos": [
                -5,
                2,
                -10
            ],
            "color": [
                1,
                1,
                1
            ]
        },
        {
            "pos": [
                5,
                2,
                10
            ],
            "color": [
                1,
                1,
                1
            ]
        }
    ],
    "cameras": [
        {},
        {},
        {}
    ],
    "name": "dinos",
    "materials": {
        "blue": {
            "kd": [
                0,
                0,
                1
            ]
        }
    },
    "children": [
        
        {
            "transform": [
                1,
                0,
                0,
                10,
                0,
                0,
                1,
                0,
                0,
                -1,
                0,
                0,
                0,
                0,
                0,
                1
            ],
            "shapes": [
                {
                    "type": "mesh",
                    "filename": "ggslac/meshes/dinopet.off",
                    "material": "blue"
                }
            ]
        },
        {
            "transform": [
                0.9396926164627075,
                0,
                0.3420201539993286,
                9.396925926208496,
                -0.3420201539993286,
                0,
                0.9396926164627075,
                0,
                0,
                -1,
                0,
                3.420201539993286,
                0,
                0,
                0,
                1
            ],
            "shapes": [
                {
                    "type": "mesh",
                    "filename": "ggslac/meshes/dinopet.off",
                    "material": "blue"
                }
            ]
        },
        {
            "transform": [
                0.7660444378852844,
                0,
                0.6427876353263855,
                7.660444259643555,
                -0.6427876353263855,
                0,
                0.7660444378852844,
                0,
                0,
                -1,
                0,
                6.427875995635986,
                0,
                0,
                0,
                1
            ],
            "shapes": [
                {
                    "type": "mesh",
                    "filename": "ggslac/meshes/dinopet.off",
                    "material": "blue"
                }
            ]
        },
        {
            "transform": [
                0.5,
                0,
                0.8660253882408142,
                5,
                -0.8660253882408142,
                0,
                0.5,
                0,
                0,
                -1,
                0,
                8.66025447845459,
                0,
                0,
                0,
                1
            ],
            "shapes": [
                {
                    "type": "mesh",
                    "filename": "ggslac/meshes/dinopet.off",
                    "material": "blue"
                }
            ]
        },
        {
            "transform": [
                0.1736481785774231,
                0,
                0.9848077297210693,
                1.736481785774231,
                -0.9848077297210693,
                0,
                0.1736481785774231,
                0,
                0,
                -1,
                0,
                9.848077774047852,
                0,
                0,
                0,
                1
            ],
            "shapes": [
                {
                    "type": "mesh",
                    "filename": "ggslac/meshes/dinopet.off",
                    "material": "blue"
                }
            ]
        },
        {
            "transform": [
                -0.1736481785774231,
                0,
                0.9848077297210693,
                -1.736481785774231,
                -0.9848077297210693,
                0,
                -0.1736481785774231,
                0,
                0,
                -1,
                0,
                9.848077774047852,
                0,
                0,
                0,
                1
            ],
            "shapes": [
                {
                    "type": "mesh",
                    "filename": "ggslac/meshes/dinopet.off",
                    "material": "blue"
                }
            ]
        },
        {
            "transform": [
                -0.5,
                0,
                0.8660253882408142,
                -5,
                -0.8660253882408142,
                0,
                -0.5,
                0,
                0,
                -1,
                0,
                8.66025447845459,
                0,
                0,
                0,
                1
            ],
            "shapes": [
                {
                    "type": "mesh",
                    "filename": "ggslac/meshes/dinopet.off",
                    "material": "blue"
                }
            ]
        },
        {
            "transform": [
                -0.7660444378852844,
                0,
                0.6427876353263855,
                -7.660444259643555,
                -0.6427876353263855,
                0,
                -0.7660444378852844,
                0,
                0,
                -1,
                0,
                6.427875995635986,
                0,
                0,
                0,
                1
            ],
            "shapes": [
                {
                    "type": "mesh",
                    "filename": "ggslac/meshes/dinopet.off",
                    "material": "blue"
                }
            ]
        },
        {
            "transform": [
                -0.9396926164627075,
                0,
                0.3420201539993286,
                -9.396925926208496,
                -0.3420201539993286,
                0,
                -0.9396926164627075,
                0,
                0,
                -1,
                0,
                3.420201539993286,
                0,
                0,
                0,
                1
            ],
            "shapes": [
                {
                    "type": "mesh",
                    "filename": "ggslac/meshes/dinopet.off",
                    "material": "blue"
                }
            ]
        },
        {
            "transform": [
                -1,
                0,
                1.2246468525851679e-16,
                -10,
                -1.2246468525851679e-16,
                0,
                -1,
                0,
                0,
                -1,
                0,
                1.2246467996456087e-15,
                0,
                0,
                0,
                1
            ],
            "shapes": [
                {
                    "type": "mesh",
                    "filename": "ggslac/meshes/dinopet.off",
                    "material": "blue"
                }
            ]
        },
        {
            "transform": [
                -0.9396926164627075,
                0,
                -0.3420201539993286,
                -9.396925926208496,
                0.3420201539993286,
                0,
                -0.9396926164627075,
                0,
                0,
                -1,
                0,
                -3.420201539993286,
                0,
                0,
                0,
                1
            ],
            "shapes": [
                {
                    "type": "mesh",
                    "filename": "ggslac/meshes/dinopet.off",
                    "material": "blue"
                }
            ]
        },
        {
            "transform": [
                -0.7660444378852844,
                0,
                -0.6427876353263855,
                -7.660444259643555,
                0.6427876353263855,
                0,
                -0.7660444378852844,
                0,
                0,
                -1,
                0,
                -6.427875995635986,
                0,
                0,
                0,
                1
            ],
            "shapes": [
                {
                    "type": "mesh",
                    "filename": "ggslac/meshes/dinopet.off",
                    "material": "blue"
                }
            ]
        },
        {
            "transform": [
                -0.5,
                0,
                -0.8660253882408142,
                -5,
                0.8660253882408142,
                0,
                -0.5,
                0,
                0,
                -1,
                0,
                -8.66025447845459,
                0,
                0,
                0,
                1
            ],
            "shapes": [
                {
                    "type": "mesh",
                    "filename": "ggslac/meshes/dinopet.off",
                    "material": "blue"
                }
            ]
        },
        {
            "transform": [
                -0.1736481785774231,
                0,
                -0.9848077297210693,
                -1.736481785774231,
                0.9848077297210693,
                0,
                -0.1736481785774231,
                0,
                0,
                -1,
                0,
                -9.848077774047852,
                0,
                0,
                0,
                1
            ],
            "shapes": [
                {
                    "type": "mesh",
                    "filename": "ggslac/meshes/dinopet.off",
                    "material": "blue"
                }
            ]
        },
        {
            "transform": [
                0.1736481785774231,
                0,
                -0.9848077297210693,
                1.736481785774231,
                0.9848077297210693,
                0,
                0.1736481785774231,
                0,
                0,
                -1,
                0,
                -9.848077774047852,
                0,
                0,
                0,
                1
            ],
            "shapes": [
                {
                    "type": "mesh",
                    "filename": "ggslac/meshes/dinopet.off",
                    "material": "blue"
                }
            ]
        },
        {
            "transform": [
                0.5,
                0,
                -0.8660253882408142,
                5,
                0.8660253882408142,
                0,
                0.5,
                0,
                0,
                -1,
                0,
                -8.66025447845459,
                0,
                0,
                0,
                1
            ],
            "shapes": [
                {
                    "type": "mesh",
                    "filename": "ggslac/meshes/dinopet.off",
                    "material": "blue"
                }
            ]
        },
        {
            "transform": [
                0.7660444378852844,
                0,
                -0.6427876353263855,
                7.660444259643555,
                0.6427876353263855,
                0,
                0.7660444378852844,
                0,
                0,
                -1,
                0,
                -6.427875995635986,
                0,
                0,
                0,
                1
            ],
            "shapes": [
                {
                    "type": "mesh",
                    "filename": "ggslac/meshes/dinopet.off",
                    "material": "blue"
                }
            ]
        },
        {
            "transform": [
                0.9396926164627075,
                0,
                -0.3420201539993286,
                9.396925926208496,
                0.3420201539993286,
                0,
                0.9396926164627075,
                0,
                0,
                -1,
                0,
                -3.420201539993286,
                0,
                0,
                0,
                1
            ],
            "shapes": [
                {
                    "type": "mesh",
                    "filename": "ggslac/meshes/dinopet.off",
                    "material": "blue"
                }
            ]
        },
        {
            "transform": [
                1,
                0,
                -2.4492937051703357e-16,
                10,
                2.4492937051703357e-16,
                0,
                1,
                0,
                0,
                -1,
                0,
                -2.4492935992912173e-15,
                0,
                0,
                0,
                1
            ],
            "shapes": [
                {
                    "type": "mesh",
                    "filename": "ggslac/meshes/dinopet.off",
                    "material": "blue"
                }
            ]
        },
        {
            "transform": [
                0.9396926164627075,
                0,
                0.3420201539993286,
                9.396925926208496,
                -0.3420201539993286,
                0,
                0.9396926164627075,
                0,
                0,
                -1,
                0,
                3.420201539993286,
                0,
                0,
                0,
                1
            ],
            "shapes": [
                {
                    "type": "mesh",
                    "filename": "ggslac/meshes/dinopet.off",
                    "material": "blue"
                }
            ]
        }
    ]
}